           -2.888587e-01             4.174498e-01            -2.511126e-01            -7.355028e-02             4.346386e-01            -5.940649e-01             8.296319e-02             3.105451e-01            -5.388457e-03            -1.692783e-01 
           -3.709804e-02             4.800091e-01             3.482805e-01             2.633460e-01             3.549023e-01             1.418840e-01            -5.160177e-02             4.011433e-01             3.257069e-01             4.022614e-01 
           -3.072362e-01             6.183389e-01            -3.516708e-01             1.398040e-01             5.533602e-01             7.307221e-02             2.520746e-02             3.027621e-02            -2.540841e-01             4.886346e-02 
           -5.066908e-01            -4.865339e-02             4.254990e-01            -2.616689e-01            -1.983294e-01             4.431301e-01            -3.217931e-01             3.684710e-01             1.982146e-02             1.263480e-01 
           -2.632443e-01            -7.082342e-02             2.081367e-02            -5.889477e-01             8.451500e-02            -2.214807e-01            -1.970315e-01             4.923866e-01             4.585190e-01            -1.751903e-01 
           -3.221733e-01            -2.174611e-01            -3.957908e-01             6.602297e-01            -3.151271e-02            -6.948182e-02            -3.983591e-01             2.244436e-01             2.033700e-01            -1.078864e-02 
           -3.508414e-01            -3.670553e-02            -3.501132e-02             9.742912e-02             6.057686e-01            -3.180896e-01             5.025442e-01            -5.484820e-02             7.020097e-02             3.690812e-01 
           -5.020620e-04             1.106199e-02            -4.019007e-01            -2.327292e-01             2.315311e-01            -4.786072e-01            -3.317163e-01            -2.949821e-01            -4.817178e-01            -2.691033e-01 
           -2.489787e-01             5.446747e-01            -6.398931e-02             1.686360e-01             3.815415e-02             6.947227e-02             2.716965e-01            -1.637099e-01             2.228300e-01            -6.724961e-01 
           -2.007420e-01             6.556610e-01             4.731651e-02             4.604792e-02            -2.941837e-01            -2.443227e-01            -6.099850e-02             3.859737e-01            -3.306774e-01             3.423015e-01 
           -1.201922e-01             2.925484e-01            -5.163210e-01            -2.854505e-01             1.516803e-01             5.527280e-01            -1.795587e-01            -2.075082e-01             1.526453e-01             3.532466e-01 
           -4.446207e-01             1.445366e-02             4.406581e-01            -3.614396e-02            -2.085916e-01            -1.541291e-01            -3.382666e-01            -5.945043e-01             2.037496e-01             1.731409e-01 
           -4.235834e-01            -3.381780e-01            -3.311462e-01            -1.998372e-01            -5.685389e-01             2.535335e-02             4.413221e-01            -5.581034e-02            -1.835429e-01            -3.424690e-02 
           -4.582276e-01            -1.396613e-01             3.215715e-01            -1.732782e-02             3.058565e-01             4.705804e-01            -1.446774e-01             2.043802e-01            -5.039022e-01            -1.876149e-01 
           -3.554805e-02            -3.793934e-02             1.368877e-01             7.267558e-02            -2.853442e-01             2.701480e-01            -7.417546e-02             1.698266e-02            -8.477964e-02            -4.320948e-01 
           -4.499389e-02             2.782445e-01            -1.068900e-01             2.840770e-01             1.472244e-01            -1.941255e-01             1.772133e-01            -1.639467e-01             2.220092e-01             1.437037e-01 
           -1.339462e-01            -1.568018e-01            -3.653890e-01             1.650677e-01             1.346027e-01            -5.478244e-02            -2.374234e-01             1.953354e-01            -2.492704e-01            -2.217895e-01 
           -1.024206e-01            -1.492542e-01            -1.016371e-01             4.549199e-02            -1.727836e-01            -1.165318e-01            -3.594253e-02             2.169614e-01             2.510053e-01            -1.030766e-01 
           -2.801115e-01            -7.767729e-02            -7.992618e-02             4.121275e-02             2.325422e-01            -3.603034e-01            -1.837524e-01             2.019254e-01             6.891925e-02             2.503885e-01 
            9.697869e-02            -1.639206e-01            -1.596649e-01             3.683202e-01            -1.569695e-01            -7.982373e-02            -2.530093e-02            -1.576430e-01            -1.537546e-01             1.416879e-01 
           -2.324932e-02             3.402538e-01             9.156913e-02             1.109636e-01             2.462963e-01             9.955179e-02             1.742355e-02            -9.967100e-02            -2.483100e-01             6.644042e-02 
           -1.783171e-01             1.273704e-02            -3.767454e-01            -5.548263e-02             6.303900e-02             8.849475e-02            -2.589069e-01            -2.096359e-01             4.253045e-02            -1.905488e-01 
            1.264964e-01            -1.206961e-01            -1.887020e-01            -4.555476e-02             1.089528e-01             1.672249e-01            -3.241833e-03            -1.688326e-01             2.432514e-01            -1.177032e-01 
           -3.663179e-01             3.986980e-02            -6.473457e-03            -1.818136e-01            -1.685381e-03            -4.090699e-01             1.406735e-01            -2.938346e-01             2.418476e-02             9.779861e-02 
           -9.118544e-02             2.322990e-01             1.027989e-01             9.774567e-02            -1.524446e-02            -1.141302e-01             1.248253e-01            -1.773983e-01             4.247599e-02             1.050399e-01 
            3.681663e-02             4.060791e-01            -1.438360e-01            -1.508542e-01             4.380086e-02             1.714050e-01             2.291099e-01            -3.706834e-02            -1.940283e-01             5.196461e-02 
           -2.631149e-01             1.001326e-01             2.838291e-01            -3.020643e-01            -1.877299e-01             3.268964e-01            -1.001777e-01            -2.797727e-01            -1.210397e-01            -1.145443e-01 
           -2.141355e-01            -2.409277e-01            -3.676334e-01            -1.228284e-01             4.105139e-02            -2.273322e-01             6.020156e-02            -2.256938e-01            -1.049470e-02            -2.109273e-01 
           -1.953538e-01             3.677176e-02             2.691919e-02            -1.473706e-01            -1.162217e-01            -3.558574e-02            -5.262536e-02             1.561556e-03            -2.801558e-01             2.421066e-01 
            2.930015e-01            -3.664884e-01             1.888617e-02            -1.015126e-01             4.511797e-02            -1.033692e-01            -1.309487e-01            -6.357822e-02            -2.134288e-01            -2.577538e-01 
           -1.572165e-01             5.587561e-02             1.495814e-01            -2.193133e-02            -3.385209e-01             2.130777e-01             2.632317e-01            -6.830250e-02            -2.666078e-04             4.092021e-02 
           -2.669752e-01            -3.384642e-01             1.220887e-01             7.209511e-02             7.318198e-02             3.468120e-02            -2.710515e-01            -2.145673e-01            -1.052269e-01            -5.730392e-02 
           -1.177799e-01             9.420159e-02            -2.134906e-01             3.436545e-02             1.844594e-01             1.117890e-01            -2.014947e-01            -4.296628e-01            -2.078342e-02            -1.601456e-01 
           -3.883677e-02             9.322560e-02             3.285835e-02             2.032227e-01            -4.239378e-01             8.249511e-02            -2.126342e-01            -2.865796e-01            -1.161876e-01             2.738941e-01 
            2.502089e-01            -2.348672e-01            -2.745314e-02            -3.404305e-02            -3.048050e-01             2.352966e-01             1.049347e-01             3.931547e-02            -7.599264e-02            -1.157409e-01 
            1.675232e-01            -8.833647e-02             2.263892e-01             5.510214e-02             1.324841e-01            -6.175469e-02             2.261619e-01             1.321163e-01            -5.425995e-02            -2.495728e-01 
           -1.693542e-01             1.590729e-01             2.282470e-01            -2.186250e-01            -3.809276e-02            -8.994893e-02            -2.042459e-01             5.740479e-02            -2.375205e-01             1.525087e-01 
           -2.290986e-01             1.944724e-01            -1.967882e-01             1.358421e-01             1.838900e-01             1.411586e-01            -2.152213e-02            -6.959404e-02             1.797981e-01            -1.029385e-01 
           -3.420550e-02            -2.774332e-01            -3.542845e-01            -2.397459e-01             1.838167e-01             3.555234e-02             1.097824e-01             2.444880e-01            -2.948410e-01            -8.655591e-02 
           -1.669601e-01             2.480043e-01             2.072066e-01            -2.661141e-01            -2.495782e-02             2.592448e-01            -9.873291e-02            -1.832380e-01             1.004912e-01            -2.057703e-01 
           -1.091192e-01            -1.075618e-02            -2.327085e-01             1.041130e-01            -3.844516e-01             7.610776e-02             5.119937e-02            -1.437323e-02            -1.547779e-01             3.298314e-01 
           -8.138536e-02            -6.675276e-02            -7.229054e-02             2.988575e-01            -2.299848e-01            -1.188106e-02            -3.963739e-02             8.283255e-02            -4.213646e-02             3.134085e-01 
           -1.720297e-01             1.095130e-01             7.009790e-02             2.778319e-01            -6.516938e-02            -7.263670e-02            -3.125095e-01             2.029520e-01            -1.585801e-02            -8.323528e-02 
           -2.353291e-01             3.076448e-01             1.311882e-01             4.205199e-02            -1.645541e-01             1.790994e-01            -1.401476e-01            -2.283839e-01             8.617039e-03            -2.336711e-01 
            2.033300e-01            -4.788501e-02             1.934224e-01             2.373600e-02             2.514541e-02            -2.083579e-01            -3.964371e-01            -4.362777e-02             2.506203e-01             1.363275e-01 
           -2.602050e-01             2.253750e-01             2.247758e-01             3.949603e-02             1.623950e-01            -1.588050e-01             2.641583e-02            -2.553276e-02            -4.630636e-02             6.773787e-02 
           -2.942057e-01            -2.319413e-01             8.447835e-02            -9.561640e-02             2.408902e-01            -1.545602e-01             3.495499e-01             2.611910e-02             3.101332e-01             1.404177e-01 
            1.668322e-01            -1.307166e-01             2.660487e-01             2.376020e-01            -7.520103e-02            -1.249591e-01             1.875869e-01            -2.190635e-01             9.376727e-02            -8.383663e-02 
           -1.173592e-01             5.799814e-02            -4.697794e-02            -1.836100e-01             1.158380e-01             2.127308e-01             9.967994e-02             4.555295e-04            -7.662869e-02             3.032638e-01 
            1.624556e-01             2.590880e-01             2.412122e-01             3.658675e-01             1.319377e-01             2.540809e-01            -1.830978e-01             4.387495e-01            -5.806858e-02             2.052426e-01 
