               -0.183085                 0.447957                -0.001522                 0.102919                 0.430768                -0.113114                 0.113806                -0.634889                 0.162175                 0.338420 
               -0.326884                -0.022733                 0.113945                 0.043091                 0.137542                -0.312190                -0.813203                -0.066738                 0.035044                -0.307293 
               -0.152403                 0.138959                -0.330901                 0.060040                -0.482247                -0.338588                -0.174980                 0.232184                 0.220218                 0.603437 
               -0.714186                -0.143902                 0.022752                -0.369613                 0.232123                 0.347859                 0.117460                 0.284541                 0.213899                 0.129222 
               -0.470289                -0.284439                -0.001054                 0.254984                -0.528667                -0.030911                 0.258844                -0.473941                -0.064804                -0.237995 
               -0.239811                 0.138276                 0.343839                 0.604617                 0.197186                -0.293892                 0.272756                 0.452175                -0.188319                 0.002497 
               -0.014674                 0.636229                 0.230103                 0.144810                -0.351514                 0.465963                -0.112718                 0.087543                 0.319406                -0.240846 
               -0.170664                 0.486925                -0.079277                -0.523086                -0.139104                -0.329666                 0.182513                 0.056380                -0.483876                -0.234986 
               -0.134154                 0.102555                -0.463388                 0.306638                 0.078132                 0.469174                -0.240478                 0.004682                -0.601145                 0.131430 
               -0.017851                 0.079838                -0.696286                 0.167743                 0.204182                -0.144367                 0.189980                 0.132827                 0.375535                -0.472294 
               -0.220286                -0.202914                 0.377855                -0.168234                 0.404379                 0.253365                 0.249325                 0.522613                 0.386938                -0.162783 
               -0.279900                -0.102367                -0.151209                 0.300698                 0.408700                -0.620951                 0.373304                -0.207314                 0.164131                 0.189746 
               -0.197826                -0.717274                -0.216255                -0.077111                -0.088788                 0.226797                 0.259120                -0.259935                -0.315727                -0.316160 
               -0.480466                 0.169587                 0.000438                -0.468860                -0.296074                 0.032729                -0.012013                -0.435359                 0.492042                -0.006708 
               -0.207661                 0.080840                 0.408615                 0.295838                 0.130051                 0.498361                 0.119861                -0.348795                -0.202820                 0.503406 
               -0.527986                 0.283336                 0.024361                 0.269012                -0.477054                -0.082199                 0.276415                 0.398269                -0.281258                -0.139730 
               -0.070959                -0.158566                -0.075841                 0.693045                -0.130971                 0.181211                -0.356900                -0.068666                 0.481896                -0.263537 
               -0.228101                 0.081082                 0.499729                -0.025309                 0.261247                -0.273215                -0.408379                -0.225091                -0.315554                -0.480745 
               -0.466537                 0.007303                -0.497874                -0.103760                 0.342319                 0.157776                -0.496762                 0.226668                -0.169402                 0.233926 
               -0.080834                -0.535275                 0.341580                -0.062424                -0.356117                -0.331995                -0.315433                 0.199393                 0.028524                 0.457455 
               -0.399672                 0.397826                -0.167549                 0.423464                 0.211728                 0.142316                 0.064504                -0.148689                 0.525763                 0.326839 
               -0.172378                -0.141155                 0.742628                 0.020773                 0.279195                 0.237851                -0.462285                -0.218491                 0.035425                -0.034775 
               -0.218587                -0.004003                -0.073302                -0.793748                -0.063506                -0.055363                -0.147481                -0.027243                 0.192956                 0.499971 
               -0.337485                -0.222808                 0.456642                 0.043238                -0.154298                 0.016370                 0.649347                 0.383398                -0.004281                 0.182563 
               -0.067904                 0.513834                 0.207996                 0.124634                -0.240173                -0.381559                -0.401378                 0.531454                -0.131841                 0.091475 
               -0.433492                 0.063404                 0.005356                 0.110054                -0.323582                -0.302574                 0.047669                -0.603556                -0.476639                 0.077010 
               -0.107493                 0.411322                -0.075195                -0.146373                -0.072566                 0.760638                 0.054653                 0.100907                -0.441326                -0.020154 
               -0.399254                -0.219007                -0.144300                -0.018397                -0.556700                 0.190629                -0.238046                 0.098602                 0.358875                -0.479621 
               -0.472242                -0.369670                -0.360658                 0.091545                 0.475279                -0.061191                -0.217272                 0.337681                -0.332618                 0.019306 
               -0.249750                 0.387683                 0.081815                -0.361319                 0.381996                -0.253077                 0.261711                -0.041955                 0.079411                -0.602954 
