 -4.0384119277188035e-001  2.5832926970668185e-001  1.1327865321371114e-001 -2.7497154252256190e-001  3.4357033219154992e-001 -2.2619818012024798e-001 -2.3280015272323154e-001 -1.4670851244865118e-001 -2.5736853412171318e-001  6.0874693101609012e-001
 -2.1386413429396972e-001 -2.9008973969533974e-001  4.6898836729432125e-002  2.9947768625149712e-001  1.2768978473739395e-001 -5.6078762320329156e-001  4.7373420695981761e-001  2.4433650057211034e-001  3.4363508907788659e-001  2.1266582064717934e-001
 -1.4772460067201726e-001 -1.4031101469437543e-001 -3.3321037726203812e-001  3.1387908802124193e-002  4.7143652132930031e-001 -3.3232995181697519e-004  3.5946131725057429e-001 -5.4476397659706806e-002 -6.0266978816072247e-001 -3.5893232095785477e-001
 -2.3063657486575773e-001 -4.2600571374997298e-001  1.0271374952272319e-001 -3.3402511320567446e-001 -2.7053734679158936e-001  4.6184303916032232e-001  2.5146460232033274e-001  4.1079689963798866e-001 -1.9346704074101698e-001  2.9545816613899545e-001
 -5.4011916092075629e-001  4.0829040824470569e-001 -9.1245482960452623e-002  5.2031403847495317e-001 -2.6398291147691255e-001  1.1777372001738788e-001 -1.3685226381361260e-001  3.5831436480535128e-001 -1.3919857020040002e-001 -1.1165215172874238e-001
 -3.0738662012896745e-001 -3.9290642962732786e-001 -1.6649660437172131e-001 -3.0591088984777380e-002 -5.5881284320099667e-001 -3.3353218765007298e-001 -1.6786107139961098e-001 -4.7861523478199647e-001 -1.8508836261553671e-001 -8.6359545928814563e-002
 -2.3474679985592303e-001 -1.2536683811244148e-001 -1.8005082520027865e-001 -4.7092872851707951e-001  1.6604270150624645e-001 -2.3454859644529372e-001 -4.1293177631389288e-001  4.3813458645449505e-001  2.4968007221263733e-001 -4.0937391202374118e-001
 -1.5287050388570667e-002 -3.3984381677110459e-001 -5.9256493614569461e-001  3.0728009268071610e-001  2.4949746085851499e-001  3.2069427950387974e-001 -3.1984861271685977e-001 -8.0551710907708407e-002  2.4533698671461887e-001  3.2348488877692244e-001
 -3.2617564136036009e-001 -3.3202615087776016e-001  6.3314187411920642e-001  2.2323318004279047e-001  3.1358825888322228e-001  2.5733321800093023e-001 -1.8947630703511370e-001 -2.3319098848606123e-001  1.2158838857716259e-001 -2.5108838127155797e-001
 -4.1013789214931951e-001  2.9226243972571248e-001 -2.0717669412256332e-001 -2.9061194131898460e-001 -9.8166681436530623e-003  2.6806697352562697e-001  4.1630537583834337e-001 -3.6981651954572331e-001  4.7337927512202432e-001 -1.1346127647634946e-001
 -1.8803422584932994e-001  3.4242758891022446e-001 -6.1749848768679831e-002  4.6417570788444179e-001  2.8791788147557112e-001 -5.5967813040449899e-002 -4.8227231932609671e-001  1.1752778511403913e-001 -4.4155077461480047e-001 -3.1736223035290373e-001
 -5.1302795038503934e-001 -1.7297156238796688e-001 -3.6485746911519418e-001 -3.1117432771671327e-001 -1.1507444413967799e-001  5.8142745483622282e-001  2.1583165362253354e-003 -5.4474796457268992e-002 -3.5008319812873179e-001 -1.0114613533982297e-002
 -3.2976684943659240e-001  2.9015811986210627e-001 -2.7304087397103133e-001  1.2028045476891196e-001  1.5069122118471570e-001 -3.9625612493834911e-001  4.5823149986462675e-001  9.3271916395444646e-003 -2.0419469647460331e-001  5.3531116661130063e-001
 -2.6926866085688239e-001 -8.4458528986680145e-002  6.2678406825955135e-001 -2.4469426568170249e-002  2.9671898214754416e-001  2.2117152377239715e-001  1.7629959742751430e-001  5.8723018601406851e-001 -1.9029414574935871e-002  1.1688528037530632e-001
 -1.0757219904708748e-001  5.9380968725481098e-001 -1.4025071096571945e-001 -1.7082642346771537e-001  7.9201391149226093e-003  1.1232811883505740e-001  3.8308475069430475e-001  1.3590166699279679e-001  3.4302280988604894e-001 -5.3981309370991992e-001
 -4.4900780083716407e-001 -2.0620970187734047e-001  3.9452954256783018e-001  3.2531182988972507e-001 -2.2100958569286172e-001 -1.4292362063601263e-001  2.7719510744496501e-001 -4.9860332709113186e-001 -1.6774763946014321e-002 -3.1526498477787834e-001
 -2.6033254110373427e-001 -5.9093669203897747e-002 -1.8214628755122469e-001  3.4268024837286526e-001 -6.4113794801913737e-001 -7.5517196525283686e-002 -1.7905615565070487e-001  4.7951221085618728e-001  3.0303687761285264e-001  8.6849017367712958e-002
 -4.0205308928339518e-002  2.6550084592725381e-001  4.5555072977386889e-002  3.9301380158178700e-001  1.6156157242648828e-001  5.4498328808535734e-001 -1.1120388240955412e-001 -3.2919304464208715e-001  4.2232370906104794e-001  3.8620864273360528e-001
 -9.2836294672344073e-003  5.3913873250420619e-001  4.3020848736306377e-001 -3.3660064325871480e-001 -4.7567328723043256e-001 -1.1307493143138704e-002 -2.2765773666423292e-001 -1.3975272854398871e-001 -2.5051449129918640e-001  2.2439828332905803e-001
 -4.8737890547897689e-001 -4.1394295227510897e-002 -8.3492394087873040e-004 -3.9044367304673766e-001  2.8421491074942229e-001 -3.4204049600289022e-001 -4.5442775768198401e-001 -1.1570670418327740e-001  4.3534452971264775e-001  3.3377411564610632e-002
 -9.9708957466606574e-003 -5.5975913851138905e-002 -3.5387786412341465e-001 -4.7974790583868016e-001 -6.5115748666081774e-002  3.1549858699057154e-001 -2.2716836431298579e-001 -1.3445297067393874e-001 -1.8867526688674155e-002 -6.8378447824220667e-001
 -4.3131504740395743e-001 -7.7228369854355591e-002  1.5834419469864142e-001  1.4220914849564079e-001  2.8531251485386916e-001  1.9070436277737790e-001  6.4032488677542077e-001 -1.5525968143791452e-001 -3.6353254360149706e-001 -2.8046026133098917e-001
 -1.0705944500367874e-001 -2.0216117296108163e-001 -1.8736423231226515e-001  1.2760459711935479e-001  1.5457819461363581e-001 -2.9401063664700933e-001 -4.7443230490542176e-001 -1.6833049228798524e-001 -7.2467034134274122e-001  8.5883081694618862e-002
 -2.2891866226447781e-002 -7.5279769750496228e-001 -1.5524334950199795e-001  8.8010636143177501e-002  4.1524243385995313e-001 -5.7735307768112941e-002 -2.0671559873836357e-002  3.5884552537716363e-001  3.0436263787313067e-001 -5.7719450863938940e-002
 -8.7762572357268309e-002  6.9485617796154517e-002 -7.4273813014989465e-001 -8.5002363155709512e-002 -9.9698511092624793e-004  3.2911392678612411e-001  2.4406301032599576e-001  5.2773521968174281e-002 -7.5617340537217193e-002  5.0219259003690775e-001
 -5.1989882729866821e-001  1.2901852731771860e-001 -2.1922690419158458e-001  4.1730467002137867e-001  4.3713095558918932e-002 -8.6155757931567267e-002 -2.4069673516392986e-001 -4.4651585695594675e-001  4.6809859650841590e-001 -7.1375987602453839e-002
 -1.7380388984677042e-001 -5.2811340227753800e-001  1.1489828750541389e-001  1.2229699472702223e-001 -7.7246589492797479e-001  2.0914638978500827e-001  2.1329570667678099e-002 -1.0163786289604804e-001 -6.5046475216127567e-002  8.5254031776051648e-002
 -3.5872634098182982e-001 -9.8093115079216281e-002  3.9372453758982429e-001 -5.4086128117099408e-001  2.5307587298228035e-001  2.7950293296169376e-001 -2.4775554761411667e-001 -1.8837257022763149e-001  7.8578850622300467e-002  4.1101369407454624e-001
 -5.5311584732047592e-001  2.6080388288894124e-001  2.3232348707139805e-002  1.6650276616958670e-002 -1.5172303069172749e-001  8.5211985494035858e-003 -1.9642067920289225e-001  7.3965813914889589e-001 -8.4587112251887767e-002 -9.6459866894396062e-002
 -2.4301351544036107e-001 -7.2871400724838373e-002 -1.4836099445504208e-001 -4.8626782556828479e-001 -1.7987036431249662e-001 -7.3255809547885919e-001  3.0813103024686217e-001 -7.5109692770949990e-002  8.5495319866262992e-002  1.6626747529899788e-002
 -1.1133178086011863e-001 -4.0468215156932824e-001 -5.4262251455334709e-001 -3.3350475412608149e-001  4.2028477209141563e-001 -1.2480785878744158e-001 -1.7867344996496637e-001  2.7444387983382366e-002 -3.7919538977965289e-001 -2.2246380693382631e-001
 -3.2069258105978860e-001 -3.5741724545620596e-001  4.1111679069556717e-001  1.7945020341137641e-001  4.7555853319031471e-001  6.2522512108527606e-002  2.5240772248823373e-001 -1.5042257748180948e-001 -1.7067342284134523e-001  4.7186733256781860e-001
 -2.3115582174301794e-001 -3.2852869384328964e-001 -5.1762320220621827e-002  3.8859724199874990e-001 -1.3619441320929276e-001 -6.3450253561045056e-001 -2.3574710301791305e-001 -2.5058989804396259e-001  3.6548485281312432e-001 -1.0888145851294694e-001
 -5.0543716796324786e-002 -3.4301775381189414e-001 -3.6513257934079957e-001  1.6626143961335663e-001  6.8151991647396978e-002  5.4488094506020091e-001  2.4748796029495376e-001  7.0490594739630028e-002  5.8739848706785192e-001 -7.7610251651282033e-002
 -2.8078353606441803e-002 -3.1478458135478438e-001  2.6606043998513788e-002  2.5658804652650184e-002 -2.9445548645540193e-001 -2.3775312920138431e-001  2.2348195559675965e-001  8.2171582178944613e-001 -9.5791079547969699e-002  1.4556244859314310e-001
 -4.5827030708108335e-001  6.1935422601255841e-004  4.5619255903263978e-001 -5.2183740215903485e-001  1.0047035196022974e-001  1.6900809409616441e-002 -8.9486928334887084e-002  1.5988900307158979e-001  3.3121973782015646e-001 -3.9484575404822037e-001
 -4.0029583144283126e-001  1.7245328987801162e-001  3.2229434527453471e-003  5.1918825456405493e-001  4.8956567458962791e-002  3.3366358265635554e-001 -5.1635430195726373e-001  2.9024000059684985e-001 -2.3098201766248572e-001 -1.5004809772159611e-001
 -5.2300737952176812e-001  1.7657036032806392e-001 -3.4962897695601880e-001 -3.1119466827697229e-001 -3.2469099447173255e-001  3.2774757659478133e-002 -1.1864361068612639e-001 -9.8390734733576124e-002  7.5000064832823510e-002  5.8337223651319048e-001
 -3.5891166461362332e-002 -4.9680407856905928e-001  1.9419645680678094e-001 -7.5985104238546264e-002 -6.0151020731707316e-001  3.1323404398473548e-001 -4.2956753320114512e-002 -3.1686784415445651e-001 -3.3900577593261105e-001 -1.7693503479105177e-001
 -4.2768224882769951e-001  2.7581107422624329e-001 -1.7821348881376087e-001  1.8104300821588187e-001 -8.7047904519740427e-002 -1.1701237811979592e-001  6.6861326927547593e-001 -1.1725622556700213e-001 -2.3596655460762594e-001 -3.7247463196765213e-001
 -2.9450175288330604e-001  4.4202781979705003e-001  1.2537116521884459e-001  2.5644930843551972e-001  3.3380936694002594e-001  4.8998343449938547e-001  1.0051616181284158e-001 -4.0794639902731894e-001 -3.2804056003604293e-001 -2.7369972128628926e-002
 -5.7237905241935394e-001  3.3239486699348425e-002  4.0160338471832352e-001 -1.6639344502019721e-001 -1.8212992328230065e-001 -1.4134211238719885e-002 -1.1859946819285343e-001  1.1942416703683026e-001  1.3788117381049897e-001  6.3371526035830650e-001
 -3.0044526873939503e-001 -1.3880272974863855e-001 -2.2315990262229060e-001 -1.0785067076206911e-001 -3.1694258168760198e-001  3.4040346125507859e-001  7.2951744599004043e-001  1.0248795543721213e-001  2.0867992442652711e-001 -1.6266659457549387e-001
 -1.3067205156240272e-001  5.6391721845699627e-001 -1.0818690292850362e-001 -5.0739745776929246e-001  4.1428425532470536e-001 -2.1402436294363497e-001  8.7783255525727966e-002  3.2469124547906936e-001  1.7933830704418235e-001 -1.8175586426275805e-001
 -3.4953264931581152e-001  1.8705103401425846e-001  8.0570805439076021e-002  3.0572738015087286e-001 -3.9497141481265347e-001 -9.3254326075243754e-002 -2.5100090403332126e-001  4.4548672959433550e-001 -2.9657040189203576e-001 -4.7829413635752077e-001
 -2.0260401616984111e-001 -3.0146219099870597e-001 -1.7259713690106926e-001  4.4588831222878067e-001  5.3667863990603193e-001 -2.3606072283792895e-001  2.5898051156858021e-001  3.8852853630096773e-001 -1.7040615041891591e-001  2.2057603902098971e-001
 -4.1843908442962702e-001 -4.8251845895226930e-001 -3.0494205580250977e-001 -3.5099302495775098e-001  2.3578479205520594e-001  2.4250513124469170e-001 -4.4191134259395859e-001 -1.0157710213937773e-001 -5.3176592977073889e-002 -2.3035713392158982e-001
 -1.7391613930526334e-001  2.3366730349327475e-001 -4.4952985885154279e-001  4.4323218449845497e-001 -4.7929683527607965e-002 -3.9712289071965015e-002 -2.5229217992573832e-001 -1.5578950172738978e-001  6.4918645466413094e-001  5.8153401508840664e-002
 -1.8157002213814052e-001  1.4240278136630802e-001 -4.9969116337419711e-001 -1.4657381670596661e-001 -2.5913263997958630e-001 -4.6827559173210986e-001  1.1029941030954141e-001 -3.5588541840765775e-001 -4.5482733971134220e-001  2.0846720991156231e-001
 -2.7709415222716505e-001 -1.8074055984085630e-001  4.2479713711941175e-001  6.3581850228808565e-002  1.1936550762541567e-001 -5.0393119076622683e-001  1.8642361847921327e-001 -4.3901464738688234e-001  2.2257057837867159e-001 -4.0104409171796401e-001
