  2.4551509320735931e+000
 -3.3835468143224716e+001
 -1.6610593721270561e+000
 -2.5882880575954914e+001
 -1.4613013193011284e+001
 -4.1556919179856777e+001
 -1.2071864269673824e+001
 -7.4593480303883553e+000
 -4.8301931060850620e+001
 -1.8918957412242889e+001
  7.7033336982131004e+001
 -4.1370462663471699e+001
  5.1124060228466988e+001
  6.0719105154275894e+001
  3.4081875048577785e+001
 -3.6626273840665817e+001
  4.6113841235637665e+000
 -5.1137521751224995e+001
  7.2105008400976658e+001
  6.2996168248355389e+001
  3.4920114986598492e+001
 -2.7584272734820843e+001
 -7.5814994126558304e+001
 -2.6719590909779072e+001
 -5.0965464264154434e+001
  6.8180586807429790e+001
 -6.7924471348524094e+001
 -2.3612453565001488e+001
 -7.9045360647141933e+001
 -6.2326162420213223e+001
 -2.0052887685596943e+001
 -7.2518360912799835e+001
 -5.1421473398804665e+001
  6.6781676821410656e+001
 -6.4970276243984699e+001
 -7.9393045268952847e+001
 -2.1566305533051491e+001
  6.8727253861725330e+001
  4.1895026229321957e+001
 -7.0211125575006008e+001
  7.4229433052241802e+001
 -4.3151270709931850e+001
 -4.7782104574143887e+001
 -7.3562214486300945e+001
  6.5650868974626064e+001
  7.3059483692049980e+001
  1.1484222412109375e+001
  7.6033467426896095e+000
  4.0217982195317745e+001
  3.9587971828877926e+001
