  4.0109679251909256e+001
  6.0308986306190491e+001
 -3.3959588147699833e+001
 -1.9488110393285751e+001
  6.4841160289943218e+001
  2.2828025780618191e+001
 -2.0939678959548473e+001
  7.4810434654355049e+001
 -4.0174238570034504e+001
 -6.8482485041022301e+000
 -5.8370227739214897e+001
 -4.1926063224673271e+001
  1.5134367980062962e+001
 -3.6238091662526131e+001
 -6.2832675352692604e+001
  5.7419103980064392e+001
 -7.3929712139070034e+001
 -4.4836096242070198e+001
  2.0588737986981869e+001
 -4.1085924394428730e+001
  7.6220098212361336e+001
 -7.6964555457234383e+001
 -6.6306839026510715e+001
 -4.7034358605742455e+001
 -4.0262066200375557e+000
  2.9079963937401772e+001
 -5.3675447404384613e+000
  3.9627210870385170e+001
  5.0668988972902298e+001
 -3.8745369911193848e+001
