 -7.0991990230977535e+001
  3.2221790030598640e+001
  2.7135971002280712e+001
 -7.8799909539520741e+001
 -7.6023154035210609e+001
 -4.5837709717452526e+001
 -1.9541392549872398e+001
 -1.9173021465539932e+001
  9.7526015341281891e+000
 -2.6809007711708546e+001
  4.4546626545488834e+001
 -6.3310162015259266e+001
 -5.5472263470292091e+001
 -2.8392490707337856e+001
 -1.8788482546806335e+001
  7.6334162540733814e+001
  2.6029772423207760e+001
 -2.7044099792838097e+001
 -1.2400339953601360e+001
  6.6546014659106731e+001
  1.7209424860775471e+001
 -2.3724408783018589e+001
  1.7270386852324009e+001
  4.8566514216363430e+001
  6.8393857516348362e+001
  9.1390890255570412e+000
  6.5732343308627605e+001
 -3.1908496208488941e+001
 -9.3567439168691635e+000
 -2.0339589677751064e+001
