  6.0777508206665516e+001
 -1.2067889980971813e+001
  4.6508219093084335e+001
 -3.5835025906562805e+001
  4.7990129664540291e+001
  3.7665542960166931e+001
 -7.8337256051599979e+001
 -7.6191588118672371e+000
 -7.3731383197009563e+001
  7.3507772274315357e+001
  4.6247637532651424e+001
  3.6413409486413002e+001
 -2.3093581907451153e+001
  7.0325654558837414e+001
  3.0485497787594795e+000
 -6.3711421824991703e+001
  1.5063811093568802e+001
  6.8776760026812553e+001
 -5.2283891476690769e+001
 -6.5415724627673626e+001
 -2.2920066118240356e+001
  4.8653158433735371e+001
 -3.1111293546855450e+001
 -6.9389253854751587e+000
  2.6168144196271896e+001
  4.5424422584474087e+001
  5.6548924669623375e+001
 -2.6539954729378223e+001
 -1.7603513970971107e+000
 -1.9212089329957962e+001
