  4.0346584878861904e+001
  3.2643840163946152e+001
  1.7637743875384331e+001
  6.4423899427056313e+001
 -7.6750545129179955e+001
  2.9774746149778366e+001
  4.5351347289979458e+001
  6.4242659956216812e+001
 -3.4092335067689419e+001
 -2.3069648928940296e+001
  6.0991137884557247e+001
  4.8317443281412125e+001
  5.3610390387475491e+001
 -1.3041264750063419e+001
  6.4961837641894817e+001
  5.9104178100824356e+001
 -2.3333589509129524e+001
 -3.2480888627469540e+001
 -9.6611894667148590e+000
  1.6716158539056778e+001
 -6.0043345056474209e+001
  3.2612834721803665e+001
 -4.1414512507617474e+001
 -5.2137792706489563e+001
 -6.1783286556601524e+000
 -9.7848241031169891e+000
  5.6503291949629784e+001
  6.3507509864866734e+001
 -1.9821093082427979e+001
  5.8805110715329647e+001
