  2.5645066462457180e+001
 -3.3396135829389095e+001
  9.1191669553518295e+000
 -7.3300423771142960e+001
 -6.4262508414685726e+001
  3.5581475496292114e+001
 -3.9567328914999962e+001
  7.4674147740006447e+001
 -1.3199084997177124e+000
  2.2060157023370266e+001
 -6.3505198098719120e+001
 -2.4275918267667294e+001
 -3.0518605113029480e+001
 -2.1316368430852890e+001
  2.5901835076510906e+001
 -1.6438212543725967e+001
 -5.3661196120083332e+001
 -2.9708982110023499e+001
 -7.6701988764107227e+001
 -6.0601502098143101e+001
 -4.9471606090664864e+001
  5.4867237769067287e+001
  1.5660359151661396e+001
 -5.5272228829562664e+001
  8.9527654275298119e+000
  1.4153989702463150e+001
 -4.2311190813779831e+001
 -2.9377160444855690e+001
  7.9985630251467228e+001
 -7.5525075793266296e+001
