 -5.6254639960825443e+001
  7.0406142137944698e+001
 -3.9927154965698719e+001
 -4.1837381981313229e+001
 -4.1111218892037868e+001
  3.1272264942526817e+000
  3.5378455072641373e+001
 -3.6710742041468620e+001
 -5.7349174618721008e+001
 -2.0937130860984325e+001
  3.3994510211050510e+001
  6.8815329112112522e+001
  4.2279940843582153e+000
  4.3855345323681831e+001
 -7.1123227626085281e+001
 -1.8748611658811569e+001
  2.4710830710828304e+001
  4.8726670630276203e+001
  2.4898485839366913e+001
 -1.0306008644402027e+001
  5.2400112301111221e+001
 -7.7377095259726048e+001
 -5.2049331925809383e+001
  5.2117450051009655e+001
 -2.5198719650506973e+000
 -1.1630418151617050e+001
 -4.2998793758451939e+001
  1.8704134337604046e+001
 -3.5934432558715343e+001
 -7.8018246255815029e+001
  5.9936932846903801e+001
 -2.5670571736991405e+001
  2.9861189238727093e+001
  6.1741311028599739e+001
 -4.1657281033694744e+001
 -2.2347837798297405e+001
 -2.4046660065650940e+001
  1.7681261152029037e+001
 -2.1998110637068748e+001
 -5.5725293941795826e+001
 -5.5970625355839729e+001
 -1.1899440661072731e+001
  2.5283395573496819e+001
  6.2041415125131607e+001
  5.7985123135149479e+001
  5.9850749596953392e+001
 -6.8352630287408829e+001
  1.1043892316520214e+001
 -4.0467509627342224e+000
 -7.6728828251361847e-001
  1.9358450397849083e+001
  1.1864350438117981e+001
 -3.2985563427209854e+001
 -7.3808993436396122e+001
 -6.0671381615102291e+001
  6.7602456621825695e+001
 -5.0993184670805931e+001
  2.2496815249323845e+001
 -3.1156040169298649e+001
 -1.5372363775968552e+001
 -1.6956464163959026e+001
  3.9492550007998943e+001
  6.2328975088894367e+001
  6.4480881132185459e+001
  2.9957288689911366e+001
  6.0442857295274734e+001
 -6.2234808802604675e+001
 -6.0017585083842278e+001
 -4.3949244432151318e+001
 -2.2386824041604996e+001
  5.3666850663721561e+001
 -6.1887687444686890e+000
 -5.0903243310749531e+001
  4.9799303449690342e+001
 -3.3393377065658569e+001
  3.2998382523655891e+001
  3.8238545320928097e+001
  3.2492112442851067e+001
 -2.9897710196673870e+001
 -3.4485995322465897e+001
 -6.2911738790571690e+001
  6.5434397906064987e+001
 -7.3361290507018566e+001
  1.3268956840038300e+001
  6.5418415218591690e+001
  4.9637199640274048e+001
 -2.9971354231238365e+001
  9.9239262938499451e+000
  1.9016728065907955e+001
  4.7466522157192230e+001
  3.8549696244299412e+001
 -5.6119640693068504e+001
 -5.3399177268147469e+001
  4.5295020341873169e+001
  7.8709938861429691e+001
  7.6805305443704128e+001
  7.3312312364578247e+000
 -7.5427379421889782e+001
 -2.5293589755892754e+001
 -2.8310775123536587e+001
  3.4965762682259083e+001
  2.4540764801204205e+001
 -5.7309624403715134e+001
 -7.9349284097552299e+001
 -1.9769466072320938e+001
  3.6776812747120857e+001
 -1.2027874104678631e+001
 -5.1098234951496124e-001
 -1.8148227967321873e+001
 -1.6835085526108742e+001
  5.4202334731817245e+001
  3.6668028384447098e+001
  4.5509062558412552e+001
  7.4026951231062412e+001
  7.9008873142302036e+001
  3.0762091130018234e+001
  4.5724641717970371e+001
 -3.3054538294672966e+001
 -4.3301276266574860e+001
 -7.8019136711955070e+001
 -6.8567967303097248e+001
  7.2599962390959263e+001
 -2.0472117811441422e+001
  5.7485098131000996e+001
 -3.0739180482923985e+001
  3.2978457547724247e+001
  4.1219138354063034e+001
  2.0166209712624550e+000
 -3.9551384747028351e+000
 -4.8734528683125973e+001
 -4.4251542054116726e+001
  6.4989812932908535e+001
 -2.4933184646070004e+001
  3.7027060985565186e-001
 -3.7166362479329109e+001
 -2.5874896310269833e+001
 -4.0813690423965454e+000
 -1.5577994436025620e+001
  6.4992304109036922e+001
  2.9621003232896328e+001
 -6.3946334198117256e+001
  4.2272463105618954e+001
 -5.9135854206979275e+001
  5.2880611643195152e+001
 -4.4182202033698559e+001
 -6.8015494905412197e+001
 -3.1055843010544777e+001
 -3.7408991865813732e+001
 -6.8843708857893944e+001
  3.9503278657793999e+001
