 -1.0030469559133053e+001
 -2.3922032117843628e+001
  6.3798399642109871e+000
 -6.5710416249930859e+001
 -2.5159935727715492e+001
 -8.0103187263011932e+000
 -2.5026300102472305e+001
  3.4406160116195679e+001
  1.4152938574552536e+001
  7.4042096771299839e+001
 -4.3646061457693577e+001
 -4.2795166708528996e+001
  6.1070760600268841e+001
 -9.6534941717982292e+000
  7.4886702001094818e+001
  5.2985379025340080e+001
  6.6074172034859657e+001
 -6.6745652779936790e+001
 -6.5489142164587975e+001
  5.7899417690932751e+001
  4.0832209438085556e+001
 -4.8543804325163364e+001
  3.9564097747206688e+001
 -4.6782355420291424e+001
  4.2327125929296017e+001
 -1.8713834322988987e+001
  2.0869719944894314e+001
  7.7630367055535316e+001
 -7.6424679644405842e+001
  2.6602664813399315e+001
  6.8007230944931507e+001
 -1.4141429960727692e+001
 -6.9922154061496258e+001
  6.1388333477079868e+001
 -1.9226916022598743e+001
 -6.6254292204976082e+001
 -7.9651965349912643e+001
  1.6935905069112778e+001
  4.5536586567759514e+001
  4.1369565129280090e+001
 -6.8839876428246498e+001
 -5.7463124953210354e+001
 -6.1185069121420383e+001
  4.9291270337998867e+001
  1.9753332771360874e+001
 -7.2142979204654694e+001
 -1.9191153198480606e+001
  5.2273829840123653e+001
  1.7386948019266129e+001
 -4.4006758481264114e+001
 -7.3349100463092327e+001
  3.7816355377435684e+001
  8.1821929290890694e+000
 -4.0699220076203346e+001
 -3.4536937512457371e+001
 -1.9222482219338417e+001
 -3.7341192811727524e+001
  2.9826239496469498e+000
  4.0409672558307648e+001
  4.0090965405106544e+001
  4.0006417445838451e+001
  3.3854396492242813e+001
  1.7445457205176353e+001
  5.1051501929759979e+000
  1.1477421969175339e-001
 -6.3224577605724335e+001
 -5.7513485215604305e+001
  1.7337970174849033e+001
  4.2031191065907478e+001
  7.0708557553589344e+001
 -1.0407220907509327e+001
  4.0094627030193806e+001
  5.5494285486638546e+001
  7.4631005637347698e+001
 -3.5986771620810032e+001
  3.8490967825055122e+001
  6.8642111942172050e+001
  2.0013783313333988e+001
 -2.8000760376453400e+001
  3.0015872493386269e+001
  1.3890413753688335e+001
  7.0284824594855309e+001
  6.4585301652550697e+001
  5.1526288054883480e+001
 -7.1928686909377575e+001
 -3.0696492679417133e+001
 -4.2092307172715664e+001
 -5.3962301835417747e+001
  1.2827690467238426e+001
  2.4251773618161678e+001
 -4.5495025701820850e+001
 -2.2021731697022915e+001
  6.0818499773740768e+001
  2.8207137249410152e+001
  7.2084881700575352e+001
  6.4733917973935604e+001
 -1.7221363820135593e+001
 -1.9503698647022247e+001
 -5.5348721630871296e+001
  1.9849898554384708e+001
 -6.1702097915112972e+001
  7.2336256466805935e+001
 -2.0982824787497520e+001
  7.3400094546377659e+001
  4.1776013113558292e+001
 -3.5695370100438595e+001
 -1.6353572271764278e+001
  6.9761743284761906e+001
 -1.0546618588268757e+001
  7.1148305684328079e+001
 -6.6844673752784729e+001
 -1.3123073168098927e+001
 -7.4020351506769657e+001
 -2.1936874054372311e+001
  2.1277411915361881e+001
 -4.8679492771625519e+001
  7.4355525262653828e+001
  2.4577089622616768e+001
  5.6562253609299660e+001
  4.4343441240489483e+001
 -6.1797581575810909e+001
  5.6164334677159786e+001
  1.8187049217522144e+001
 -4.8614943251013756e+001
 -5.4495724476873875e+001
 -1.6902091726660728e+000
  3.9382716007530689e+001
  4.5165124572813511e+001
 -2.3281817063689232e+001
 -4.4336784631013870e+000
  3.4223515316843987e+001
 -1.5165969394147396e+001
  7.8476344272494316e+001
 -6.8116549029946327e+000
 -5.0037203133106232e+001
 -6.7134680561721325e+001
 -3.6710282564163208e+001
 -5.9484926164150238e+001
  7.2968305237591267e+001
  4.0527233481407166e+001
  1.4943513944745064e+001
  2.7041048742830753e+001
 -6.4627563282847404e+001
 -5.4105767793953419e+001
  6.0846485793590546e+001
  5.0488555431365967e+001
  2.3746748045086861e+001
  1.5126439966261387e+001
  3.8511306196451187e+001
 -1.3853949457406998e+001
