 -5.0690205097198486e+001
  9.8170890286564827e+000
 -1.8083858974277973e+001
  7.5639081709086895e+001
  6.6007418185472488e+000
  6.6525838263332844e+001
 -6.8508091233670712e+001
 -2.1929244846105576e+001
 -1.1117435395717621e+001
 -2.5478246062994003e+001
 -3.3179014362394810e+001
  4.6921476982533932e+001
  1.7736777439713478e+001
  7.8594648428261280e+001
 -7.2887283675372601e+001
  7.9966594129800797e+001
  3.9100094735622406e+001
 -3.7843873649835587e+001
 -5.5713608488440514e+000
  6.9857944175601006e+001
  7.5819679833948612e+001
  6.8457162380218506e+000
 -5.2552072331309319e+001
  7.3472911939024925e+001
 -5.3272739313542843e+001
 -1.6493484340608120e+001
 -7.9438003674149513e+001
  6.1447048112750053e+001
  4.7617880888283253e+001
 -2.5078864023089409e+000
