 -6.7999756373465061e+001
  7.0444078221917152e+001
  7.3852409757673740e+001
  1.9695227518677711e+001
 -2.2322839200496674e+001
  3.5166928656399250e+001
 -1.9018794074654579e+001
  5.4432778321206570e+001
 -1.1370009183883667e+001
 -1.4729909002780914e+001
 -4.6812772415578365e+001
 -6.8316154740750790e+001
 -5.3002714179456234e+001
 -5.7909602634608746e+001
 -7.3768591880798340e+000
  1.6611267924308777e+001
 -4.2049601227045059e+001
 -7.1029791273176670e+001
 -6.5681216120719910e+001
  2.3986869640648365e+001
  2.6674917452037334e+001
 -7.5812098681926727e+001
  3.4573096036911011e+001
 -4.1507172808051109e+001
  1.7111358083784580e+001
  6.0873796083033085e+001
  7.9955661930143833e+001
 -2.8695142567157745e+001
  3.7197824083268642e+001
  9.0736839175224304e+000
