  1.5230530649423599e+001
 -2.9647776596248150e+001
 -4.5924943499267101e+001
 -1.9221502989530563e+001
 -6.3292184434831142e+001
 -7.6417220644652843e+001
  5.5213097371160984e+001
 -7.5086945220828056e+001
 -5.0104131326079369e+001
 -4.1474065296351910e+001
 -9.5117719098925591e+000
 -3.1706569492816925e+001
  7.6761062443256378e+000
  9.7710134834051132e+000
  5.5903453864157200e+001
  6.0154460854828358e+001
  1.9445530958473682e+001
 -2.6363376602530479e+001
 -7.6137927994132042e+001
 -4.4942150749266148e+001
 -6.5118761993944645e+001
  6.2813426293432713e+001
  5.6221110224723816e+001
  8.3464017882943153e+000
  2.9537124037742615e+001
 -3.8450215011835098e+000
 -5.0059329383075237e+001
 -2.1522870548069477e+001
  5.2836103290319443e+001
 -6.7859034873545170e+001
