 -1.9935154952108860e+001
 -2.7462784871459007e+001
 -5.6468597874045372e+001
  6.2980587817728519e+001
  6.7523501329123974e+001
  3.9880554787814617e+001
  5.2357351779937744e+000
 -5.0143074244260788e-001
  6.1366434544324875e+001
 -4.0875672884285450e+001
 -6.6545969583094120e+001
 -2.8892476856708527e+001
  7.3205713778734207e+001
  3.2979518435895443e+001
 -4.4682035557925701e+001
  5.8943259418010712e+001
  4.5699988082051277e+001
 -1.5727373585104942e+000
  6.4386720173060894e+001
 -6.6980479173362255e+001
 -4.2246495187282562e+000
 -5.9131089597940445e+000
  1.0140496864914894e+000
  9.0884891152381897e+000
 -5.9424897171556950e+001
 -2.3146880678832531e+001
 -7.4147921055555344e+000
 -6.5523881465196609e+001
  7.2359694279730320e+001
  5.2046218886971474e+001
