 -7.3199916481971741e+001
 -4.6932317726314068e+001
 -4.3952169194817543e+001
 -4.4095885269343853e+001
 -5.2810991220176220e+001
  1.2693945728242397e+001
 -8.2036159560084343e+000
 -5.2125875055789948e+001
  6.6112253479659557e+001
  2.1321080401539803e+001
  6.6467455476522446e+001
  4.8882388621568680e+001
 -6.1073251180350780e+001
  4.4956684149801731e+001
  6.2166685424745083e+001
  7.2712959162890911e+001
 -3.6331381648778915e-001
 -5.7263892963528633e+001
  2.3594620637595654e+001
  5.8509039655327797e+001
 -7.0435337275266647e+001
  3.7306605391204357e+001
 -6.2167729698121548e+001
 -4.4632306322455406e+000
 -6.3158878311514854e+001
  4.1206604316830635e+001
 -4.2673356756567955e+001
 -6.4478480778634548e+001
  4.9662387110292912e+001
  5.4467243105173111e+001
