 -2.6991898231208324e+001
 -5.9074806198477745e+001
 -7.3350385241210461e+001
  3.8487289212644100e+001
  2.7032439075410366e+001
 -7.5941141806542873e+001
  6.3272643461823463e+000
  6.5869116522371769e+001
  5.4389167651534081e+001
  4.8182294480502605e+001
  3.4550620801746845e+001
 -2.6140796355903149e+001
  1.8354621753096581e+001
 -6.2207122519612312e+000
  9.5630552619695663e-001
  7.1417755596339703e+001
 -4.6788347251713276e+001
 -3.1095891557633877e+001
  6.6369853727519512e+001
 -7.7611562795937061e+001
  8.5227644070982933e+000
  6.7237280607223511e+001
 -2.2389275766909122e+001
 -4.2296185195446014e+001
 -5.0254681445658207e+001
 -2.5059333480894566e+001
 -2.0938508585095406e+001
 -3.3732643350958824e+001
 -3.5699755810201168e+001
 -5.0886807739734650e+001
