  5.2358490638434887e+001
  2.8585935980081558e+001
 -5.9529445320367813e+000
 -2.9719849936664104e+001
 -6.0614608898758888e+001
  2.9553834050893784e+001
 -3.4092437364161015e+001
  2.1930909864604473e+001
  5.3971320018172264e+001
  4.6815977580845356e+001
 -4.6142431609332561e+001
 -2.9729769118130207e+001
 -4.6379886269569397e+001
  6.1216814965009689e+001
  4.5564698800444603e+000
  3.3805416710674763e+001
  3.1945040822029114e+000
  6.9464471973478794e+001
 -7.4743129722774029e+001
  7.6640083491802216e+001
 -3.7051740624010563e+001
  3.0974375978112221e+001
 -5.8358697593212128e+001
  5.8675212077796459e+001
  1.6964595317840576e+001
 -6.7817789688706398e+001
  6.6765953414142132e+001
  7.6427030041813850e+001
  9.4929498806595802e+000
  6.3166679553687572e+001
  1.5885529145598412e+001
 -2.3902879431843758e+001
 -1.8081256560981274e+001
  6.5340393707156181e+001
 -1.8638471178710461e+001
  2.2109467722475529e+001
  7.5291555486619473e+001
 -5.9101908355951309e+001
  1.0921744331717491e+001
  4.0973687916994095e+001
 -6.5771897137165070e+000
 -3.9338184297084808e+001
 -7.9829718917608261e-001
 -6.8683148622512817e+001
  5.0634196028113365e+000
  2.1529343351721764e+001
  7.4474709182977676e+001
  3.9028265327215195e+001
  6.2400110177695751e+001
  3.2515376061201096e+000
