  5.6913635917007923e+001
 -1.9935833588242531e+001
  5.7548087015748024e+001
 -6.1254240386188030e+001
 -1.2039734721183777e+001
 -7.1306718476116657e+001
 -1.3624259829521179e+001
  1.0707005336880684e+001
  3.7347992621362209e+001
  5.7151436060667038e+001
  3.9133877716958523e+001
  3.5053376033902168e+001
 -7.2124777100980282e+001
  3.7954759635031223e+001
 -7.4185839518904686e+001
 -1.2562636658549309e+001
  6.2469441816210747e+000
  7.5342039465904236e+001
  3.5134341418743134e+001
  2.3316690474748611e+001
 -3.0870832763612270e+001
  6.0491463057696819e+001
  2.6319107897579670e+001
 -4.1110036186873913e+001
  8.6575780808925629e+000
 -4.9736178219318390e+001
  5.6549741141498089e+001
 -9.9792914837598801e+000
  7.4999844282865524e+000
 -7.5240158922970295e+001
