 -1.0139403678476810e+001
 -3.6670226119458675e+001
 -4.0971448794007301e+001
 -3.0009530410170555e+001
  1.5250891447067261e+001
 -5.6016121767461300e+001
 -7.7298743575811386e+001
 -6.0287434011697769e+001
  5.8744573593139648e+000
 -5.2448425963521004e+001
  1.9404266774654388e+000
  5.4665709622204304e+001
 -1.8806664608418941e+001
  6.9550523050129414e+001
 -3.3404144011437893e+001
  1.4039333909749985e+000
 -4.1200919970870018e+001
 -3.8850454539060593e+001
  3.4592653848230839e+001
 -3.1399465948343277e+001
 -2.5534002184867859e+001
  7.0643101632595062e+001
 -4.3824181184172630e+001
 -2.3750096000730991e+001
  3.7683909796178341e+001
  3.9299890995025635e+001
 -1.3341909833252430e+001
 -2.5638276971876621e+001
 -2.2157415263354778e+001
  7.9634169526398182e+001
