 -2.8046376034617424e+001
 -1.2762478291988373e+001
 -5.3291103132069111e+001
  7.4540559649467468e+001
  2.0202815718948841e+001
  5.3168321810662746e+001
  5.9028098173439503e+001
 -5.9037464447319508e+001
 -7.8244904242455959e+001
 -2.9912175126373768e+001
 -6.9365727230906487e+001
 -5.8532335050404072e+001
 -3.1546957641839981e+001
 -4.3912564851343632e+001
  1.4589534550905228e+001
  2.4263265430927277e+001
  6.5158911645412445e+001
 -3.8216521926224232e+001
  2.4686374254524708e+001
  7.7856356687843800e+001
 -1.0865096971392632e+001
  4.0931959152221680e+001
  9.7464163601398468e+000
  2.3224016614258289e+001
  7.2026629596948624e+001
 -5.3263349086046219e+000
 -2.3625762127339840e+001
  4.4036797322332859e+001
 -7.9701213724911213e+001
  1.8220938742160797e+001
  1.1289779953658581e+001
  7.9120042137801647e+001
  1.1750229746103287e+001
 -7.8353609889745712e-001
  1.0286858305335045e+000
  6.2748947814106941e+001
  6.7248093634843826e+001
  3.6734525933861732e+001
  1.8884960189461708e+001
 -2.8192719370126724e+001
 -3.7974788881838322e+001
 -6.8540296070277691e+001
 -7.7416211441159248e+001
  7.1000845804810524e+001
 -7.0985234789550304e+001
  5.1026697456836700e+000
  1.1187706142663956e-001
  1.7069892361760139e+001
 -2.0271460451185703e+001
 -3.2140083238482475e+001
 -6.4399336986243725e+001
 -5.8464489281177521e+001
 -3.9049803912639618e+001
  5.9956601150333881e+001
 -2.8738461732864380e+001
  5.3881821297109127e+001
 -8.2000324875116348e+000
 -3.7034280784428120e+001
 -4.1679669022560120e+001
  4.5552890747785568e+000
  2.4662832543253899e+000
 -6.8207083866000175e+001
 -7.8437262251973152e+001
  2.2174794189631939e+001
 -1.3016757741570473e+000
 -6.8484403751790524e+001
 -7.4200595021247864e+001
  1.3169230967760086e+001
  6.4514573477208614e+001
 -4.8669836483895779e+001
 -2.1212073974311352e+001
  6.5852537341415882e+001
  1.8091364800930023e+001
 -6.1380118243396282e+001
 -1.3505978174507618e+001
 -4.1791883446276188e+001
 -3.1223556287586689e+001
  4.8918598778545856e+001
 -7.3543137162923813e+001
  5.6831188984215260e+001
 -3.3892554827034473e+001
 -1.5820582956075668e+001
 -6.3935048840939999e+001
 -5.5499405413866043e+000
 -7.3946989178657532e+001
 -5.1072358600795269e+001
  5.0532663464546204e+001
 -4.3575244247913361e+001
 -5.1707138866186142e+001
  6.6374593973159790e+000
